cache_lambda: 0.15391452339546033
cache_theta: 0.02021162425847724
n_cache: 3000
use_cache: true
