cache_lambda: 0.1491239171415785
cache_theta: 0.019865358412340283
n_cache: 2400
use_cache: true
