cache_lambda: 0.15707632352302234
cache_theta: 0.02047215295537412
n_cache: 4000
use_cache: true
