cache_lambda: 0.14527226971345752
cache_theta: 0.019573552338090907
n_cache: 2000
use_cache: true
