cache_lambda: 0.15429777189577087
cache_theta: 0.02023309932430315
n_cache: 3200
use_cache: true
