cache_lambda: 0.0659024
cache_theta: 0.014432384
n_cache: 2000
use_cache: true
