cache_lambda: 0.06714656
cache_theta: 0.015594
n_cache: 4000
use_cache: true
