cache_lambda: 0.059183936
cache_theta: 0.0131889152
n_cache: 1000
use_cache: true
