cache_lambda: 0.1307396949934909
cache_theta: 0.02003827871948518
n_cache: 2000
use_cache: true
