cache_lambda: 0.1300543469214323
cache_theta: 0.020070294283102266
n_cache: 2000
use_cache: true
