cache_lambda: 0.12985352465441785
cache_theta: 0.02406405396426691
n_cache: 2000
use_cache: true
