cache_lambda: 0.13756888337128895
cache_theta: 0.024470551933257575
n_cache: 3000
use_cache: true
