cache_lambda: 0.14059477358043895
cache_theta: 0.024780814225716066
n_cache: 4000
use_cache: true
