cache_lambda: 0.11508106203183727
cache_theta: 0.02292978638840765
n_cache: 1000
use_cache: true
