cache_lambda: 0.13851503967308285
cache_theta: 0.02374536590284485
n_cache: 2000
use_cache: true
