cache_lambda: 0.07316
cache_theta: 0.016919999999999998
n_cache: 2000
use_cache: true
