cache_lambda: 0.16189475027483996
cache_theta: 0.019121508190512657
n_cache: 4000
use_cache: true
