cache_lambda: 0.1497171870432054
cache_theta: 0.018354964696168898
n_cache: 2000
use_cache: true
