cache_lambda: 0.13842660061390127
cache_theta: 0.027839034307962196
n_cache: 4000
use_cache: true
