cache_lambda: 0.11514829239315753
cache_theta: 0.025465622469125388
n_cache: 1000
use_cache: true
