cache_lambda: 0.12923779473729188
cache_theta: 0.02666921732175234
n_cache: 2000
use_cache: true
