cache_lambda: 0.13566995885091848
cache_theta: 0.027367127081902268
n_cache: 3000
use_cache: true
