cache_lambda: 0.14237588785341568
cache_theta: 0.02002398092941761
n_cache: 2000
use_cache: true
