cache_lambda: 0.15436899774680043
cache_theta: 0.020939643550643927
n_cache: 4000
use_cache: true
