cache_lambda: 0.1385294212513973
cache_theta: 0.019613149630808832
n_cache: 3000
use_cache: true
