cache_lambda: 0.1319972891644481
cache_theta: 0.019079324387730363
n_cache: 2000
use_cache: true
