cache_lambda: 0.11455234910684166
cache_theta: 0.018166895084246994
n_cache: 1000
use_cache: true
