cache_lambda: 0.13202661291925027
cache_theta: 0.019069945552206785
n_cache: 2000
use_cache: true
