cache_lambda: 0.075980096
cache_theta: 0.017510016
n_cache: 3000
use_cache: true
