cache_lambda: 0.07616672
cache_theta: 0.017903999999999996
n_cache: 4000
use_cache: true
