cache_lambda: 0.0683648
cache_theta: 0.0160112
n_cache: 1000
use_cache: true
