cache_lambda: 0.0753632
cache_theta: 0.016957200000000002
n_cache: 2000
use_cache: true
