cache_lambda: 0.081368
cache_theta: 0.018266879999999996
n_cache: 1000
use_cache: true
