cache_lambda: 0.09638
cache_theta: 0.021256550399999997
n_cache: 4000
use_cache: true
