cache_lambda: 0.092168
cache_theta: 0.019664025599999996
n_cache: 2000
use_cache: true
