cache_lambda: 0.14505356006400003
cache_theta: 0.025243436236799997
n_cache: 2000
use_cache: true
