cache_lambda: 0.15259916038528143
cache_theta: 0.02728431279621277
n_cache: 3000
use_cache: true
