cache_lambda: 0.15973765718232463
cache_theta: 0.028429703590106967
n_cache: 8000
use_cache: true
