cache_lambda: 0.15840385733235393
cache_theta: 0.02813793037390709
n_cache: 6000
use_cache: true
