cache_lambda: 0.14506585896015167
cache_theta: 0.026574067771434784
n_cache: 2000
use_cache: true
