cache_lambda: 0.12861566068300825
cache_theta: 0.02544828039101958
n_cache: 1000
use_cache: true
