cache_lambda: 0.1555015088588177
cache_theta: 0.027630684206216817
n_cache: 4000
use_cache: true
