cache_lambda: 0.14094472181964368
cache_theta: 0.023969453377747536
n_cache: 3000
use_cache: true
