cache_lambda: 0.13415662115966712
cache_theta: 0.023477588373208794
n_cache: 2000
use_cache: true
