cache_lambda: 0.11809703024848937
cache_theta: 0.022586499775154516
n_cache: 1000
use_cache: true
