cache_lambda: 0.14441487193281555
cache_theta: 0.02422174180099368
n_cache: 4000
use_cache: true
